G_lx_dim_16_2024_05_18_22:55:05 0.006113146
G_lx_dim_16_2024_05_18_22:45:28 0.0023407764
G_lx_dim_16_2024_05_19_08:05:14 0.0034981286
mean: 0.003984016999999999
std: 0.0015779224215598517

G_lz_dim_16_2024_05_18_22:33:08 0.0048855636
G_lz_dim_16_2024_05_19_08:10:39 0.010886637
G_lz_dim_16_2024_05_19_08:10:49 0.0050152885
mean: 0.006929163033333334
std: 0.0027988577771480634